2013
2012
2011
2016
2017
2015
2014
2018
2313
2314
2315
2312
2317
2318
2319
2316
2436
2437
2438
2435
2439
2440
2441
2442
2612
2613
2614
2611
2615
2616
2617
2618
2797
2798
2799
2796
2800
2801
2802
2803
2972
2973
2974
2971
2975
2976
2977
2978
3333
3334
3335
3332
3336
3337
3338
3339
3525
3526
3527
3524
3528
3529
3530
3531
3702
3703
3704
3701
3705
3706
3707
3708
3878
3875
3881
3882
3880
3879
3877
3876
4163
4164
4162
4161
4166
4165
4168
4167
4540
4541
4542
4539
4546
4543
4545
4544
4635
4636
4637
4634
4638
4639
4640
4641
4813
4814
4815
4812
4818
4816
4817
4819
4982
4983
4984
4981
4985
4986
4987
4988
5162
5163
5164
5161
5165
5166
5167
5168
5317
5318
5319
5316
5320
5321
5322
5323
5968
5969
5970
5967
5973
5974
5972
5971
6130
6131
6132
6129
6133
6134
6135
6136
6339
6341
6340
6338
6345
6344
6342
6343
6525
6526
6527
6524
6528
6529
6530
6531
6992
6993
6994
6991
6995
6996
6997
6998
7113
7114
7115
7112
7116
7117
7118
7119
7308
7309
7310
7307
7311
7312
7313
7314
7499
7496
7502
7503
7500
7501
7498
7497
7839
7840
7841
7838
7844
7845
7843
7842
8030
8031
8032
8029
8033
8034
8035
8036
8262
8263
8264
8261
8265
8267
8268
8266
8478
8479
8480
8477
8481
8482
8483
8484
